startepoch0  validation loss
disriminator_loss : 1.01215660572052
gan_loss : [61.345516, 0.60949111, 0.39640504]
epoch25  validation loss
disriminator_loss : 1.1071463823318481
gan_loss : [27.385651, 0.24073181, 3.3124697]
epoch50  validation loss
disriminator_loss : 0.018699849024415016
gan_loss : [24.672867, 0.23820469, 0.85239756]
