startepoch0
disriminator_loss : 0.8818497061729431
gan_loss : [56.50769, 0.5591433, 0.59335995]
validate_genn_loss : 0.408919
epoch25
disriminator_loss : 1.1873887777328491
gan_loss : [29.473843, 0.28231686, 1.2421578]
validate_genn_loss : 0.401334
epoch50
disriminator_loss : 0.0031153825111687183
gan_loss : [21.498241, 0.20975073, 0.5231685]
validate_genn_loss : 0.357619
